[gd_scene load_steps=23 format=3 uid="uid://batnu0uma6vhk"]

[ext_resource type="Script" uid="uid://bvj8u2clbnqfd" path="res://scenes/npcs/fake_npc/gostek.gd" id="1_nbysy"]
[ext_resource type="PackedScene" uid="uid://b7m7r7yr1gjtu" path="res://assets/models/monster_NPC/MonsterAnimation.glb" id="2_aar6o"]
[ext_resource type="Script" uid="uid://d77v3mb61tek" path="res://scenes/npcs/enemy_damage_taking.gd" id="3_tag54"]
[ext_resource type="Script" uid="uid://c7xigl1oti4e5" path="res://scenes/npcs/area_3d.gd" id="4_djdji"]

[sub_resource type="SphereShape3D" id="SphereShape3D_aar6o"]
radius = 15.132239

[sub_resource type="CapsuleShape3D" id="CapsuleShape3D_tag54"]
radius = 18.310547
height = 51.705444

[sub_resource type="CapsuleShape3D" id="CapsuleShape3D_djdji"]
radius = 4.9833984
height = 20.927979

[sub_resource type="CapsuleShape3D" id="CapsuleShape3D_aar6o"]
radius = 5.508789
height = 19.837128

[sub_resource type="CapsuleShape3D" id="CapsuleShape3D_xhdyv"]
radius = 5.590332
height = 17.832886

[sub_resource type="CapsuleShape3D" id="CapsuleShape3D_wn2pb"]
radius = 6.2495117
height = 30.501465

[sub_resource type="CapsuleShape3D" id="CapsuleShape3D_i8bv0"]
radius = 5.585449
height = 30.20996

[sub_resource type="CapsuleShape3D" id="CapsuleShape3D_b74o0"]
radius = 4.227539
height = 14.871826

[sub_resource type="CapsuleShape3D" id="CapsuleShape3D_af85v"]
radius = 6.6938477
height = 31.137207

[sub_resource type="CapsuleShape3D" id="CapsuleShape3D_ekjvm"]
radius = 5.9208984
height = 30.233154

[sub_resource type="CapsuleShape3D" id="CapsuleShape3D_55eea"]
radius = 3.6958008
height = 15.983154

[sub_resource type="CapsuleShape3D" id="CapsuleShape3D_3in0s"]
radius = 0.107910156
height = 1.1823425

[sub_resource type="AnimationNodeAnimation" id="AnimationNodeAnimation_v2oog"]
animation = &"Scream"

[sub_resource type="AnimationNodeAnimation" id="AnimationNodeAnimation_mi3kj"]
animation = &"Walk"

[sub_resource type="AnimationNodeStateMachineTransition" id="AnimationNodeStateMachineTransition_jqgo8"]
switch_mode = 2
advance_mode = 2

[sub_resource type="AnimationNodeStateMachineTransition" id="AnimationNodeStateMachineTransition_a8p3v"]
advance_mode = 2
advance_condition = &"scream"

[sub_resource type="AnimationNodeStateMachineTransition" id="AnimationNodeStateMachineTransition_bxgai"]
advance_mode = 2

[sub_resource type="AnimationNodeStateMachine" id="AnimationNodeStateMachine_aar6o"]
states/Scream/node = SubResource("AnimationNodeAnimation_v2oog")
states/Scream/position = Vector2(462, 100)
states/Walk/node = SubResource("AnimationNodeAnimation_mi3kj")
states/Walk/position = Vector2(322, 100)
transitions = ["Scream", "Walk", SubResource("AnimationNodeStateMachineTransition_jqgo8"), "Walk", "Scream", SubResource("AnimationNodeStateMachineTransition_a8p3v"), "Start", "Walk", SubResource("AnimationNodeStateMachineTransition_bxgai")]
graph_offset = Vector2(2, -44)

[node name="Gostek" type="CharacterBody3D"]
collision_layer = 4
collision_mask = 3
script = ExtResource("1_nbysy")

[node name="MonsterAnimation" parent="." instance=ExtResource("2_aar6o")]
transform = Transform3D(-0.99965733, 0.02617695, 8.742278e-08, 0.02617695, 0.99965733, 0, -8.739282e-08, 2.2884616e-09, -1, 0, 0, 0.020923048)

[node name="Skeleton3D" parent="MonsterAnimation/Armature_002" index="0"]
bones/1/rotation = Quaternion(-0.0025647543, -0.031075858, 0.02139633, 0.99928474)
bones/2/rotation = Quaternion(0.0022448245, -0.009081121, 0.0053160526, 0.9999421)
bones/3/rotation = Quaternion(0.0021985513, -0.009166089, 0.0053279893, 0.99994147)
bones/4/rotation = Quaternion(0.03380914, 0.0071304776, 0.0074503096, 0.9993751)
bones/5/rotation = Quaternion(-0.01990456, 0.09009074, -0.03415376, 0.9951488)
bones/7/position = Vector3(3.5902488, 7.485898, -0.06037605)
bones/7/rotation = Quaternion(-0.6132536, -0.37324154, 0.5838167, -0.37916884)
bones/8/position = Vector3(1.2830264e-07, 7.3690295, -2.0472028e-06)
bones/8/rotation = Quaternion(0.43240952, -0.017933846, 0.13420218, 0.89145404)
bones/9/rotation = Quaternion(0.008798396, 0.0006082586, 0.06729548, 0.99769413)
bones/10/position = Vector3(1.863903e-06, 21.371027, -1.091812e-06)
bones/10/rotation = Quaternion(-0.020598417, 0.9780439, -0.0179507, -0.20660055)
bones/11/position = Vector3(0.03777386, 2.8308804, 5.3346093e-06)
bones/11/rotation = Quaternion(0.0023157462, 0.0071283183, -0.5104549, 0.85987186)
bones/12/rotation = Quaternion(-0.15852907, -0.0049617593, 0.5308176, 0.83251226)
bones/13/position = Vector3(0.692358, 2.6001658, 1.0887461e-06)
bones/13/rotation = Quaternion(0.22531168, -0.0733256, -0.15549622, 0.9589989)
bones/14/position = Vector3(0.41373932, 2.4891775, 2.503395e-06)
bones/15/rotation = Quaternion(-0.21835043, -0.13148984, -0.09178357, 0.96260554)
bones/16/rotation = Quaternion(-0.252362, -0.009956254, 0.037066646, 0.9668715)
bones/17/rotation = Quaternion(-0.14261982, 0.008271139, -0.0021191342, 0.9897407)
bones/19/rotation = Quaternion(0.576527, -0.40370414, 0.61340326, 0.35829625)
bones/20/position = Vector3(-1.0875948e-07, 7.369027, -2.6210191e-06)
bones/20/rotation = Quaternion(0.44142935, -0.03406197, 0.12735786, 0.8875584)
bones/21/position = Vector3(-1.6017758e-06, 16.616348, 1.3945546e-06)
bones/21/rotation = Quaternion(0.006698107, -0.0006277321, -0.05136997, 0.99865705)
bones/22/position = Vector3(4.2043202e-06, 21.36224, -5.085662e-06)
bones/22/rotation = Quaternion(0.0038764882, 0.8392048, 0.023998614, 0.5432719)
bones/23/position = Vector3(-0.15555899, 2.7407162, 1.192094e-06)
bones/23/rotation = Quaternion(0.09264432, 0.026883371, 0.5188437, 0.8494089)
bones/24/rotation = Quaternion(-0.18107669, 0.013907259, -0.5157642, 0.8372604)
bones/25/position = Vector3(-0.53004277, 2.582972, -9.97992e-07)
bones/25/rotation = Quaternion(0.14643049, 0.0051283436, 0.038796645, 0.9884466)
bones/26/position = Vector3(-0.457988, 2.285276, -7.927417e-06)
bones/27/position = Vector3(-3.6649378e-06, 3.542135, -0.052488852)
bones/27/rotation = Quaternion(-0.18426813, 0.066927955, 0.08074862, 0.9772644)
bones/28/rotation = Quaternion(-0.30663326, -0.009915876, 0.21353984, 0.927512)
bones/29/rotation = Quaternion(-0.1394607, 0.008680229, 0.098563455, 0.9852719)
bones/30/position = Vector3(0.1409198, 2.7161841, -1.8663702e-06)
bones/31/rotation = Quaternion(0.0326772, -0.014922097, 0.9982875, -0.04617115)
bones/32/position = Vector3(2.0608994e-07, 29.124193, 7.7545945e-07)
bones/32/rotation = Quaternion(-0.49472168, -0.0028893442, 0.031617377, 0.86847144)
bones/33/rotation = Quaternion(0.29230776, 0.056646697, -0.05870249, 0.9528386)
bones/34/rotation = Quaternion(0.34505966, 0.0786065, -0.023519408, 0.9349876)
bones/36/rotation = Quaternion(-0.06631887, 0.15533762, 0.9853095, 0.025244014)
bones/37/rotation = Quaternion(-0.2010927, -0.024869697, 0.015697576, 0.9791306)
bones/38/rotation = Quaternion(0.43938994, -0.06458886, 0.050991915, 0.89451927)
bones/39/rotation = Quaternion(0.3647347, -0.08194062, 0.020838972, 0.92726487)

[node name="Head" type="BoneAttachment3D" parent="MonsterAnimation/Armature_002/Skeleton3D" index="2"]
transform = Transform3D(0.99492335, -0.017465519, 0.099107966, -0.09863024, 0.02636959, 0.99477464, -0.019987691, -0.9994996, 0.024513096, -1.7669816, 0.05790782, -82.92259)
bone_name = "mixamorig_Head"
bone_idx = 5

[node name="Area3D" type="Area3D" parent="MonsterAnimation/Armature_002/Skeleton3D/Head" groups=["enemy"]]
collision_layer = 4
script = ExtResource("3_tag54")

[node name="CollisionShape3D" type="CollisionShape3D" parent="MonsterAnimation/Armature_002/Skeleton3D/Head/Area3D"]
transform = Transform3D(0.9999999, -1.3969839e-09, 0, 4.656613e-09, 1, 0, 1.4901161e-08, 2.2351742e-08, 1, 0.5617254, 10.070244, 2.3463454)
shape = SubResource("SphereShape3D_aar6o")

[node name="Torso" type="BoneAttachment3D" parent="MonsterAnimation/Armature_002/Skeleton3D" index="3"]
transform = Transform3D(0.997153, -0.04260264, -0.062217005, 0.0619975, -0.0064556575, 0.99805534, -0.042921454, -0.9990712, -0.0037960205, 0, -1.1473308, -55.17752)
bone_name = "mixamorig_Spine"
bone_idx = 1

[node name="Area3D" type="Area3D" parent="MonsterAnimation/Armature_002/Skeleton3D/Torso" groups=["enemy"]]
collision_layer = 4
script = ExtResource("4_djdji")

[node name="CollisionShape3D" type="CollisionShape3D" parent="MonsterAnimation/Armature_002/Skeleton3D/Torso/Area3D"]
transform = Transform3D(1, 1.2223609e-09, 1.8626451e-09, 6.4028427e-10, 1, 1.1995435e-06, 4.1909516e-09, -5.2154064e-08, 1.0000011, 0, 7.3540726, -1.4305115e-06)
shape = SubResource("CapsuleShape3D_tag54")

[node name="LeftArm" type="BoneAttachment3D" parent="MonsterAnimation/Armature_002/Skeleton3D" index="4"]
transform = Transform3D(0.28254345, 0.22508988, -0.9324717, -0.93870944, 0.26498684, -0.22046837, 0.19746774, 0.93761206, 0.28616413, 9.19637, -0.046195388, -73.8753)
bone_name = "mixamorig_LeftArm"
bone_idx = 8

[node name="Area3D" type="Area3D" parent="MonsterAnimation/Armature_002/Skeleton3D/LeftArm" groups=["enemy"]]
collision_layer = 4
script = ExtResource("4_djdji")

[node name="CollisionShape3D" type="CollisionShape3D" parent="MonsterAnimation/Armature_002/Skeleton3D/LeftArm/Area3D"]
transform = Transform3D(1.0000012, 8.940697e-08, -8.940697e-08, -4.4703484e-08, 1.0000002, -8.037314e-07, -1.4901161e-07, 6.482005e-07, 0.9999984, -8.583069e-06, 9.923235, -7.6293945e-06)
shape = SubResource("CapsuleShape3D_djdji")

[node name="LeftForeArm" type="BoneAttachment3D" parent="MonsterAnimation/Armature_002/Skeleton3D" index="5"]
transform = Transform3D(0.3102393, 0.16863218, -0.93558234, -0.8946146, 0.38469744, -0.22731546, 0.32158375, 0.90750784, 0.27020895, 12.939387, 4.3602705, -58.283745)
bone_name = "mixamorig_LeftForeArm"
bone_idx = 9

[node name="Area3D" type="Area3D" parent="MonsterAnimation/Armature_002/Skeleton3D/LeftForeArm" groups=["enemy"]]
collision_layer = 4
script = ExtResource("4_djdji")

[node name="CollisionShape3D" type="CollisionShape3D" parent="MonsterAnimation/Armature_002/Skeleton3D/LeftForeArm/Area3D"]
transform = Transform3D(0.99999774, 6.593764e-07, 8.940697e-08, -3.9488077e-07, 1, -4.7963113e-08, -6.4074993e-07, -2.2817403e-07, 0.9999999, 1.9073486e-06, 14.315514, 2.2888184e-05)
shape = SubResource("CapsuleShape3D_aar6o")

[node name="LeftHand" type="BoneAttachment3D" parent="MonsterAnimation/Armature_002/Skeleton3D" index="6"]
transform = Transform3D(-0.66782296, 0.17846721, 0.7226072, 0.7128045, 0.4328516, 0.55185914, -0.21429333, 0.883622, -0.41628057, 16.543232, 12.581648, -38.88937)
bone_name = "mixamorig_LeftHand"
bone_idx = 10

[node name="Area3D" type="Area3D" parent="MonsterAnimation/Armature_002/Skeleton3D/LeftHand" groups=["enemy"]]
collision_layer = 4
script = ExtResource("4_djdji")

[node name="CollisionShape3D" type="CollisionShape3D" parent="MonsterAnimation/Armature_002/Skeleton3D/LeftHand/Area3D"]
transform = Transform3D(0.99999684, -5.9604645e-08, 2.9802322e-08, 2.5629997e-06, 1, -2.8312206e-07, 1.4901161e-08, -4.4703484e-08, 1.0000002, 0, 6.3685365, -1.9073486e-05)
shape = SubResource("CapsuleShape3D_xhdyv")

[node name="RightArm" type="BoneAttachment3D" parent="MonsterAnimation/Armature_002/Skeleton3D" index="7"]
transform = Transform3D(-0.2555122, -0.088214666, 0.9627729, 0.9248867, -0.31235534, 0.21683782, 0.281599, 0.9458606, 0.16139933, -11.072041, -2.910907, -72.69283)
bone_name = "mixamorig_RightArm"
bone_idx = 20

[node name="Area3D" type="Area3D" parent="MonsterAnimation/Armature_002/Skeleton3D/RightArm" groups=["enemy"]]
collision_layer = 4
script = ExtResource("4_djdji")

[node name="CollisionShape3D" type="CollisionShape3D" parent="MonsterAnimation/Armature_002/Skeleton3D/RightArm/Area3D"]
transform = Transform3D(1.0000023, 1.937151e-07, -2.9802322e-08, 5.2154064e-08, 1.0000002, 9.313226e-09, 8.940697e-08, 6.4074993e-07, 1, -5.2452087e-06, 8.99025, -7.6293945e-06)
shape = SubResource("CapsuleShape3D_djdji")

[node name="RightForeArm" type="BoneAttachment3D" parent="MonsterAnimation/Armature_002/Skeleton3D" index="8"]
transform = Transform3D(-0.24456714, -0.101012796, 0.9643564, 0.95217806, -0.21287648, 0.21918072, 0.18314868, 0.97184366, 0.14824493, -12.537845, -8.101113, -56.97608)
bone_name = "mixamorig_RightForeArm"
bone_idx = 21

[node name="Area3D" type="Area3D" parent="MonsterAnimation/Armature_002/Skeleton3D/RightForeArm" groups=["enemy"]]
collision_layer = 4
script = ExtResource("4_djdji")

[node name="CollisionShape3D" type="CollisionShape3D" parent="MonsterAnimation/Armature_002/Skeleton3D/RightForeArm/Area3D"]
transform = Transform3D(1.0000002, -1.1622906e-06, -1.4901161e-08, 1.8775463e-06, 0.9999997, 1.4901161e-08, -2.1010637e-06, -1.0281801e-06, 0.99999976, -1.9073486e-05, 11.908112, 7.6293945e-06)
shape = SubResource("CapsuleShape3D_aar6o")

[node name="RightHand" type="BoneAttachment3D" parent="MonsterAnimation/Armature_002/Skeleton3D" index="9"]
transform = Transform3D(-0.782249, -0.053201776, -0.6206901, -0.596841, -0.22150657, 0.7711782, -0.17851514, 0.9737065, 0.1415202, -14.69571, -12.648629, -36.215324)
bone_name = "mixamorig_RightHand"
bone_idx = 22

[node name="Area3D" type="Area3D" parent="MonsterAnimation/Armature_002/Skeleton3D/RightHand" groups=["enemy"]]
collision_layer = 4
script = ExtResource("4_djdji")

[node name="CollisionShape3D" type="CollisionShape3D" parent="MonsterAnimation/Armature_002/Skeleton3D/RightHand/Area3D"]
transform = Transform3D(1.0000002, 0, -1.013279e-06, -2.115965e-06, 0.9999998, 1.013279e-06, -5.9604645e-08, -5.9604645e-08, 0.9999987, 0, 5.655575, -1.9073486e-05)
shape = SubResource("CapsuleShape3D_xhdyv")

[node name="LeftUpLeg" type="BoneAttachment3D" parent="MonsterAnimation/Armature_002/Skeleton3D" index="10"]
transform = Transform3D(-0.9936011, 0.091208935, 0.06662041, 0.06386454, -0.032810573, 0.99741906, 0.093159385, 0.99529123, 0.026775597, 5.9848366, -0.46329382, -46.648655)
bone_name = "mixamorig_LeftUpLeg"
bone_idx = 31

[node name="Area3D" type="Area3D" parent="MonsterAnimation/Armature_002/Skeleton3D/LeftUpLeg" groups=["enemy"]]
collision_layer = 4
script = ExtResource("4_djdji")

[node name="CollisionShape3D" type="CollisionShape3D" parent="MonsterAnimation/Armature_002/Skeleton3D/LeftUpLeg/Area3D"]
transform = Transform3D(1.0000032, 2.0788548e-07, 2.3079338e-07, 7.454464e-07, 1.0000073, 9.313226e-09, -1.7145067e-07, -2.2351742e-08, 0.9999984, 3.8146973e-06, 16.38022, 3.5762787e-06)
shape = SubResource("CapsuleShape3D_wn2pb")

[node name="LeftLeg" type="BoneAttachment3D" parent="MonsterAnimation/Armature_002/Skeleton3D" index="11"]
transform = Transform3D(-0.9880781, 0.040846203, 0.14843807, 0.03564293, -0.8772763, 0.47866017, 0.14977269, 0.47824425, 0.86536163, 8.641223, -1.4188745, -17.6616)
bone_name = "mixamorig_LeftLeg"
bone_idx = 32

[node name="Area3D" type="Area3D" parent="MonsterAnimation/Armature_002/Skeleton3D/LeftLeg" groups=["enemy"]]
collision_layer = 4
script = ExtResource("4_djdji")

[node name="CollisionShape3D" type="CollisionShape3D" parent="MonsterAnimation/Armature_002/Skeleton3D/LeftLeg/Area3D"]
transform = Transform3D(1.0000007, 9.9591034e-08, -1.04832e-07, 1.1085831e-08, 1.0000002, 4.172325e-07, -4.3190084e-07, 3.2782555e-07, 1, -9.536743e-07, 14.104977, 3.0994415e-06)
shape = SubResource("CapsuleShape3D_i8bv0")

[node name="LeftFoot" type="BoneAttachment3D" parent="MonsterAnimation/Armature_002/Skeleton3D" index="12"]
transform = Transform3D(-0.99926186, -0.027972072, 0.026340306, 0.03615696, -0.45269528, 0.89093155, -0.012997016, 0.89122623, 0.45337254, 9.858975, -27.573202, -3.403656)
bone_name = "mixamorig_LeftFoot"
bone_idx = 33

[node name="Area3D" type="Area3D" parent="MonsterAnimation/Armature_002/Skeleton3D/LeftFoot" groups=["enemy"]]
collision_layer = 4
script = ExtResource("4_djdji")

[node name="CollisionShape3D" type="CollisionShape3D" parent="MonsterAnimation/Armature_002/Skeleton3D/LeftFoot/Area3D"]
transform = Transform3D(0.9999983, -3.501773e-07, -8.195639e-08, -9.685755e-08, 0.99999577, -4.7683716e-07, 0, -3.2782555e-07, 0.9999995, -1.9073486e-06, 6.4359074, -9.536743e-07)
shape = SubResource("CapsuleShape3D_b74o0")

[node name="BoneAttachment3D4" type="BoneAttachment3D" parent="MonsterAnimation/Armature_002/Skeleton3D" index="13"]
transform = Transform3D(-0.9899292, -0.07034996, -0.12284653, -0.13853192, 0.30276293, 0.94294405, -0.029142708, 0.9504659, -0.30945957, -5.9848366, -0.35910308, -46.648655)
bone_name = "mixamorig_RightUpLeg"
bone_idx = 36

[node name="Area3D" type="Area3D" parent="MonsterAnimation/Armature_002/Skeleton3D/BoneAttachment3D4" groups=["enemy"]]
collision_layer = 4
script = ExtResource("4_djdji")

[node name="CollisionShape3D" type="CollisionShape3D" parent="MonsterAnimation/Armature_002/Skeleton3D/BoneAttachment3D4/Area3D"]
transform = Transform3D(0.99998677, -0.0052003246, -8.9273846e-05, 0.0052002515, 0.9999866, -2.0358711e-06, 8.949265e-05, 1.5310943e-06, 1, 4.7683716e-07, 14.568615, 0)
shape = SubResource("CapsuleShape3D_af85v")

[node name="BoneAttachment3D5" type="BoneAttachment3D" parent="MonsterAnimation/Armature_002/Skeleton3D" index="14"]
transform = Transform3D(-0.9962903, 0.0043751597, -0.08594685, -0.08598752, -0.09106001, 0.9921262, -0.00348562, 0.9958358, 0.0910984, -8.03375, 8.458738, -18.96674)
bone_name = "mixamorig_RightLeg"
bone_idx = 37

[node name="Area3D" type="Area3D" parent="MonsterAnimation/Armature_002/Skeleton3D/BoneAttachment3D5" groups=["enemy"]]
collision_layer = 4
script = ExtResource("4_djdji")

[node name="CollisionShape3D" type="CollisionShape3D" parent="MonsterAnimation/Armature_002/Skeleton3D/BoneAttachment3D5/Area3D"]
transform = Transform3D(1.0000001, 1.4890929e-08, -2.9780495e-08, -5.23562e-08, 1, 0, -5.3650365e-07, -1.1920929e-07, 1, -5.722046e-06, 14.116566, -3.5762787e-07)
shape = SubResource("CapsuleShape3D_ekjvm")

[node name="BoneAttachment3D6" type="BoneAttachment3D" parent="MonsterAnimation/Armature_002/Skeleton3D" index="15"]
transform = Transform3D(-0.99642855, 0.08310451, 0.01496743, 0.07113845, 0.7306599, 0.67902535, 0.045493938, 0.6776648, -0.7339621, -7.9032874, 5.743446, 10.727798)
bone_name = "mixamorig_RightFoot"
bone_idx = 38

[node name="Area3D" type="Area3D" parent="MonsterAnimation/Armature_002/Skeleton3D/BoneAttachment3D6" groups=["enemy"]]
collision_layer = 4
script = ExtResource("4_djdji")

[node name="CollisionShape3D" type="CollisionShape3D" parent="MonsterAnimation/Armature_002/Skeleton3D/BoneAttachment3D6/Area3D"]
transform = Transform3D(0.9999979, -2.2351742e-08, 1.1175871e-07, 1.4901161e-08, 0.99999857, 1.4901161e-07, -1.7881393e-07, -1.5795231e-06, 0.9999982, -4.2915344e-06, 6.991576, -1.9073486e-06)
shape = SubResource("CapsuleShape3D_55eea")

[node name="AnimationPlayer" parent="MonsterAnimation" index="1"]
root_motion_track = NodePath("Armature_002/Skeleton3D:mixamorig_Hips")

[node name="CollisionMonsterNPC" type="CollisionShape3D" parent="."]
transform = Transform3D(1, 0, 0, 0, 1, 0, 0, 0, 1, 0, 0.43586785, 0)
shape = SubResource("CapsuleShape3D_3in0s")

[node name="NavigationAgent3D" type="NavigationAgent3D" parent="."]
path_height_offset = 1.1

[node name="AnimationTree" type="AnimationTree" parent="."]
root_node = NodePath("../MonsterAnimation")
root_motion_track = NodePath("Armature_002/Skeleton3D:mixamorig_Hips")
tree_root = SubResource("AnimationNodeStateMachine_aar6o")
anim_player = NodePath("../MonsterAnimation/AnimationPlayer")
parameters/conditions/scream = false

[connection signal="body_part_hit" from="MonsterAnimation/Armature_002/Skeleton3D/Head/Area3D" to="." method="_on_area_3d_body_part_hit"]
[connection signal="body_part_hit" from="MonsterAnimation/Armature_002/Skeleton3D/Torso/Area3D" to="." method="_on_area_3d_body_part_hit"]
[connection signal="body_part_hit" from="MonsterAnimation/Armature_002/Skeleton3D/LeftArm/Area3D" to="." method="_on_area_3d_body_part_hit"]
[connection signal="body_part_hit" from="MonsterAnimation/Armature_002/Skeleton3D/LeftForeArm/Area3D" to="." method="_on_area_3d_body_part_hit"]
[connection signal="body_part_hit" from="MonsterAnimation/Armature_002/Skeleton3D/LeftHand/Area3D" to="." method="_on_area_3d_body_part_hit"]
[connection signal="body_part_hit" from="MonsterAnimation/Armature_002/Skeleton3D/RightArm/Area3D" to="." method="_on_area_3d_body_part_hit"]
[connection signal="body_part_hit" from="MonsterAnimation/Armature_002/Skeleton3D/RightForeArm/Area3D" to="." method="_on_area_3d_body_part_hit"]
[connection signal="body_part_hit" from="MonsterAnimation/Armature_002/Skeleton3D/RightHand/Area3D" to="." method="_on_area_3d_body_part_hit"]
[connection signal="body_part_hit" from="MonsterAnimation/Armature_002/Skeleton3D/LeftUpLeg/Area3D" to="." method="_on_area_3d_body_part_hit"]
[connection signal="body_part_hit" from="MonsterAnimation/Armature_002/Skeleton3D/LeftLeg/Area3D" to="." method="_on_area_3d_body_part_hit"]
[connection signal="body_part_hit" from="MonsterAnimation/Armature_002/Skeleton3D/LeftFoot/Area3D" to="." method="_on_area_3d_body_part_hit"]
[connection signal="body_part_hit" from="MonsterAnimation/Armature_002/Skeleton3D/BoneAttachment3D4/Area3D" to="." method="_on_area_3d_body_part_hit"]
[connection signal="body_part_hit" from="MonsterAnimation/Armature_002/Skeleton3D/BoneAttachment3D5/Area3D" to="." method="_on_area_3d_body_part_hit"]
[connection signal="body_part_hit" from="MonsterAnimation/Armature_002/Skeleton3D/BoneAttachment3D6/Area3D" to="." method="_on_area_3d_body_part_hit"]

[editable path="MonsterAnimation"]
