[gd_scene load_steps=26 format=3 uid="uid://batnu0uma6vhk"]

[ext_resource type="Script" uid="uid://bvj8u2clbnqfd" path="res://scenes/npcs/fake_npc/gostek.gd" id="1_nbysy"]
[ext_resource type="PackedScene" uid="uid://b7m7r7yr1gjtu" path="res://assets/models/monster_NPC/MonsterAnimation.glb" id="2_aar6o"]
[ext_resource type="Script" uid="uid://d77v3mb61tek" path="res://scenes/npcs/enemy_damage_taking.gd" id="3_tag54"]
[ext_resource type="Script" uid="uid://c7xigl1oti4e5" path="res://scenes/npcs/area_3d.gd" id="4_djdji"]

[sub_resource type="SphereShape3D" id="SphereShape3D_aar6o"]
radius = 15.132239

[sub_resource type="CapsuleShape3D" id="CapsuleShape3D_tag54"]
radius = 18.310547
height = 51.705444

[sub_resource type="CapsuleShape3D" id="CapsuleShape3D_djdji"]
radius = 4.9833984
height = 20.927979

[sub_resource type="CapsuleShape3D" id="CapsuleShape3D_aar6o"]
radius = 5.508789
height = 19.837128

[sub_resource type="CapsuleShape3D" id="CapsuleShape3D_xhdyv"]
radius = 5.590332
height = 17.832886

[sub_resource type="CapsuleShape3D" id="CapsuleShape3D_wn2pb"]
radius = 6.2495117
height = 30.501465

[sub_resource type="CapsuleShape3D" id="CapsuleShape3D_i8bv0"]
radius = 5.585449
height = 30.20996

[sub_resource type="CapsuleShape3D" id="CapsuleShape3D_b74o0"]
radius = 4.227539
height = 14.871826

[sub_resource type="CapsuleShape3D" id="CapsuleShape3D_af85v"]
radius = 6.6938477
height = 31.137207

[sub_resource type="CapsuleShape3D" id="CapsuleShape3D_ekjvm"]
radius = 5.9208984
height = 30.233154

[sub_resource type="CapsuleShape3D" id="CapsuleShape3D_55eea"]
radius = 3.6958008
height = 15.983154

[sub_resource type="CapsuleShape3D" id="CapsuleShape3D_3in0s"]
radius = 0.107910156
height = 1.1823425

[sub_resource type="AnimationNodeAnimation" id="AnimationNodeAnimation_jqgo8"]
animation = &"IdleNPC"

[sub_resource type="AnimationNodeAnimation" id="AnimationNodeAnimation_v2oog"]
animation = &"Scream"

[sub_resource type="AnimationNodeAnimation" id="AnimationNodeAnimation_mi3kj"]
animation = &"Walk"

[sub_resource type="AnimationNodeStateMachineTransition" id="AnimationNodeStateMachineTransition_jqgo8"]
xfade_time = 0.5
switch_mode = 2
advance_mode = 2

[sub_resource type="AnimationNodeStateMachineTransition" id="AnimationNodeStateMachineTransition_a8p3v"]
xfade_time = 0.5
advance_mode = 2
advance_condition = &"scream"

[sub_resource type="AnimationNodeStateMachineTransition" id="AnimationNodeStateMachineTransition_bxgai"]
advance_mode = 2

[sub_resource type="AnimationNodeStateMachineTransition" id="AnimationNodeStateMachineTransition_j27i3"]
xfade_time = 1.0
advance_mode = 2
advance_condition = &"walk"

[sub_resource type="AnimationNodeStateMachine" id="AnimationNodeStateMachine_aar6o"]
states/IdleNPC/node = SubResource("AnimationNodeAnimation_jqgo8")
states/IdleNPC/position = Vector2(388, 100)
states/Scream/node = SubResource("AnimationNodeAnimation_v2oog")
states/Scream/position = Vector2(703, 100)
states/Walk/node = SubResource("AnimationNodeAnimation_mi3kj")
states/Walk/position = Vector2(563, 100)
transitions = ["Scream", "Walk", SubResource("AnimationNodeStateMachineTransition_jqgo8"), "Walk", "Scream", SubResource("AnimationNodeStateMachineTransition_a8p3v"), "Start", "IdleNPC", SubResource("AnimationNodeStateMachineTransition_bxgai"), "IdleNPC", "Walk", SubResource("AnimationNodeStateMachineTransition_j27i3")]
graph_offset = Vector2(2, -44)

[sub_resource type="SphereShape3D" id="SphereShape3D_v2oog"]
radius = 1.8218145

[node name="Gostek" type="CharacterBody3D"]
collision_layer = 4
collision_mask = 3
script = ExtResource("1_nbysy")

[node name="MonsterAnimation" parent="." instance=ExtResource("2_aar6o")]
transform = Transform3D(-0.99965733, 0.02617695, 8.742278e-08, 0.02617695, 0.99965733, 0, -8.739282e-08, 2.2884616e-09, -1, 0, 0, 0.020923048)

[node name="Skeleton3D" parent="MonsterAnimation/Armature_002" index="0"]
bones/1/rotation = Quaternion(-0.038264368, -0.005185166, 0.006325703, 0.99923426)
bones/2/rotation = Quaternion(0.012204404, -0.035164032, 0.012516493, 0.99922866)
bones/3/rotation = Quaternion(0.011483241, -0.034916304, 0.013172191, 0.99923754)
bones/4/rotation = Quaternion(0.047902506, 0.013256433, -0.025119424, 0.99844813)
bones/5/rotation = Quaternion(0.06937892, -0.024492916, 0.019020624, 0.9971083)
bones/7/position = Vector3(3.590251, 7.4859033, -0.06037603)
bones/7/rotation = Quaternion(-0.51609516, -0.4724219, 0.57933736, -0.41812867)
bones/8/position = Vector3(-1.0373608e-06, 7.3690267, 4.8285074e-09)
bones/8/rotation = Quaternion(0.51394594, 0.18296231, 0.13710345, 0.8267932)
bones/9/rotation = Quaternion(0.033923756, 0.0005883904, 0.25947875, 0.96515274)
bones/10/position = Vector3(-3.6526228e-06, 21.371029, 3.5569649e-06)
bones/10/rotation = Quaternion(0.109653726, 0.932781, 0.1542025, -0.30678543)
bones/11/position = Vector3(0.037778012, 2.8308818, -1.7881434e-06)
bones/11/rotation = Quaternion(-0.046908244, -0.12988275, -0.44399646, 0.8853232)
bones/12/rotation = Quaternion(-0.055368625, 0.011431292, 0.49638095, 0.86626184)
bones/13/position = Vector3(0.6923577, 2.6001778, -9.516498e-07)
bones/13/rotation = Quaternion(0.011131472, -0.015997987, -0.0152438525, 0.9996939)
bones/14/position = Vector3(0.41374063, 2.4891849, -1.013279e-06)
bones/15/rotation = Quaternion(-0.15995006, -0.12211993, -0.08248045, 0.97606343)
bones/16/rotation = Quaternion(-0.2758299, -0.010396538, 0.039954763, 0.9603194)
bones/17/rotation = Quaternion(-0.12772991, 0.007599412, 0.0012520634, 0.9917791)
bones/19/rotation = Quaternion(0.53227895, -0.47652197, 0.49982196, 0.48967743)
bones/20/position = Vector3(-3.1737238e-07, 7.369027, 1.0187953e-05)
bones/20/rotation = Quaternion(0.5359396, -0.13401024, -0.14639758, 0.820596)
bones/21/position = Vector3(5.671706e-07, 16.616352, 1.332377e-06)
bones/21/rotation = Quaternion(0.030096926, -0.00061122427, -0.23083526, 0.97252715)
bones/22/position = Vector3(-3.1816471e-06, 21.362265, 2.7453345e-06)
bones/22/rotation = Quaternion(-0.11981467, 0.9041588, 0.04702098, 0.40734583)
bones/23/position = Vector3(-0.1555564, 2.7407157, 1.6689322e-06)
bones/23/rotation = Quaternion(-0.12080122, 0.010149429, 0.3801873, 0.9169307)
bones/24/rotation = Quaternion(-0.037740078, -0.021229893, -0.33163702, 0.94241285)
bones/25/position = Vector3(-0.5300424, 2.5829785, -1.2901227e-06)
bones/25/rotation = Quaternion(0.022946209, 0.023109661, -0.011887684, 0.9993989)
bones/26/position = Vector3(-0.45798743, 2.2852716, -3.1590462e-06)
bones/27/position = Vector3(-2.8603217e-06, 3.5421371, -0.052484408)
bones/27/rotation = Quaternion(-0.093789496, 0.061937742, -0.015127091, 0.9935485)
bones/28/rotation = Quaternion(-0.303027, -0.009870875, 0.19568446, 0.9326225)
bones/29/rotation = Quaternion(-0.07587574, 0.0064907814, 0.05739861, 0.99544275)
bones/30/position = Vector3(0.14092171, 2.7161865, -1.0728832e-06)
bones/31/rotation = Quaternion(0.054066263, 0.09486035, 0.99154085, -0.070179924)
bones/32/position = Vector3(3.0945137e-07, 29.124197, 3.245663e-07)
bones/32/rotation = Quaternion(-0.23961388, -0.08588188, 0.029286778, 0.9666188)
bones/33/rotation = Quaternion(0.53194875, 0.06839995, -0.119479954, 0.8355098)
bones/34/rotation = Quaternion(0.32938042, 0.07561669, -0.025560945, 0.94081736)
bones/36/rotation = Quaternion(-0.084930435, 0.12184324, 0.9888478, 0.011001617)
bones/37/rotation = Quaternion(-0.29371294, 0.05358877, -0.0019535702, 0.9543884)
bones/38/rotation = Quaternion(0.57381684, -0.005965404, -0.00892845, 0.81891334)
bones/39/rotation = Quaternion(0.3268666, -0.07473696, 0.025759406, 0.9417586)

[node name="Head" type="BoneAttachment3D" parent="MonsterAnimation/Armature_002/Skeleton3D" index="2"]
transform = Transform3D(0.9836033, -0.086974084, -0.15798736, 0.17252728, 0.1986548, 0.96476454, -0.052524574, -0.9762025, 0.21040285, -1.19437, -1.0411134, -82.91774)
bone_name = "mixamorig_Head"
bone_idx = 5

[node name="Area3D" type="Area3D" parent="MonsterAnimation/Armature_002/Skeleton3D/Head" groups=["enemy"]]
collision_layer = 4
script = ExtResource("3_tag54")

[node name="CollisionShape3D" type="CollisionShape3D" parent="MonsterAnimation/Armature_002/Skeleton3D/Head/Area3D"]
transform = Transform3D(0.9999999, -1.3969839e-09, 0, 4.656613e-09, 1, 0, 1.4901161e-08, 2.2351742e-08, 1, 0.5617254, 10.070244, 2.3463454)
shape = SubResource("SphereShape3D_aar6o")

[node name="Torso" type="BoneAttachment3D" parent="MonsterAnimation/Armature_002/Skeleton3D" index="3"]
transform = Transform3D(0.9998662, -0.012244902, -0.010846486, 0.009878292, -0.076535724, 0.99701786, -0.013038531, -0.9969916, -0.07640452, 0, -1.1473308, -55.17752)
bone_name = "mixamorig_Spine"
bone_idx = 1

[node name="Area3D" type="Area3D" parent="MonsterAnimation/Armature_002/Skeleton3D/Torso" groups=["enemy"]]
collision_layer = 4
script = ExtResource("4_djdji")

[node name="CollisionShape3D" type="CollisionShape3D" parent="MonsterAnimation/Armature_002/Skeleton3D/Torso/Area3D"]
transform = Transform3D(1, 1.2223609e-09, 1.8626451e-09, 6.4028427e-10, 1, 1.1995435e-06, 4.1909516e-09, -5.2154064e-08, 1.0000011, 0, 7.3540726, -1.4305115e-06)
shape = SubResource("CapsuleShape3D_tag54")

[node name="LeftArm" type="BoneAttachment3D" parent="MonsterAnimation/Armature_002/Skeleton3D" index="4"]
transform = Transform3D(0.46083513, 0.3047326, -0.8335277, -0.8840507, 0.07507083, -0.46132234, -0.07800648, 0.94947416, 0.30399442, 9.983328, -1.5587192, -75.63396)
bone_name = "mixamorig_LeftArm"
bone_idx = 8

[node name="Area3D" type="Area3D" parent="MonsterAnimation/Armature_002/Skeleton3D/LeftArm" groups=["enemy"]]
collision_layer = 4
script = ExtResource("4_djdji")

[node name="CollisionShape3D" type="CollisionShape3D" parent="MonsterAnimation/Armature_002/Skeleton3D/LeftArm/Area3D"]
transform = Transform3D(1.0000012, 8.940697e-08, -8.940697e-08, -4.4703484e-08, 1.0000002, -8.037314e-07, -1.4901161e-07, 6.482005e-07, 0.9999984, -8.583069e-06, 9.923235, -7.6293945e-06)
shape = SubResource("CapsuleShape3D_djdji")

[node name="LeftForeArm" type="BoneAttachment3D" parent="MonsterAnimation/Armature_002/Skeleton3D" index="5"]
transform = Transform3D(0.5376965, -0.022641692, -0.84283394, -0.7349989, 0.47720122, -0.48172092, 0.41310838, 0.87850153, 0.23994793, 15.050724, -0.31036687, -59.84515)
bone_name = "mixamorig_LeftForeArm"
bone_idx = 9

[node name="Area3D" type="Area3D" parent="MonsterAnimation/Armature_002/Skeleton3D/LeftForeArm" groups=["enemy"]]
collision_layer = 4
script = ExtResource("4_djdji")

[node name="CollisionShape3D" type="CollisionShape3D" parent="MonsterAnimation/Armature_002/Skeleton3D/LeftForeArm/Area3D"]
transform = Transform3D(0.99999774, 6.593764e-07, 8.940697e-08, -3.9488077e-07, 1, -4.7963113e-08, -6.4074993e-07, -2.2817403e-07, 0.9999999, 1.9073486e-06, 14.315514, 2.2888184e-05)
shape = SubResource("CapsuleShape3D_aar6o")

[node name="LeftHand" type="BoneAttachment3D" parent="MonsterAnimation/Armature_002/Skeleton3D" index="6"]
transform = Transform3D(-0.93692195, -0.04590796, 0.3465094, 0.33944786, 0.11696597, 0.93332386, -0.083376795, 0.9920733, -0.094004795, 14.566843, 9.887916, -41.07067)
bone_name = "mixamorig_LeftHand"
bone_idx = 10

[node name="Area3D" type="Area3D" parent="MonsterAnimation/Armature_002/Skeleton3D/LeftHand" groups=["enemy"]]
collision_layer = 4
script = ExtResource("4_djdji")

[node name="CollisionShape3D" type="CollisionShape3D" parent="MonsterAnimation/Armature_002/Skeleton3D/LeftHand/Area3D"]
transform = Transform3D(0.99999684, -5.9604645e-08, 2.9802322e-08, 2.5629997e-06, 1, -2.8312206e-07, 1.4901161e-08, -4.4703484e-08, 1.0000002, 0, 6.3685365, -1.9073486e-05)
shape = SubResource("CapsuleShape3D_xhdyv")

[node name="RightArm" type="BoneAttachment3D" parent="MonsterAnimation/Armature_002/Skeleton3D" index="7"]
transform = Transform3D(0.29332992, -0.2633457, 0.91902465, 0.956009, 0.07866951, -0.28259176, 0.0021202639, 0.9614882, 0.27483696, -11.655116, -3.634352, -75.1285)
bone_name = "mixamorig_RightArm"
bone_idx = 20

[node name="Area3D" type="Area3D" parent="MonsterAnimation/Armature_002/Skeleton3D/RightArm" groups=["enemy"]]
collision_layer = 4
script = ExtResource("4_djdji")

[node name="CollisionShape3D" type="CollisionShape3D" parent="MonsterAnimation/Armature_002/Skeleton3D/RightArm/Area3D"]
transform = Transform3D(1.0000023, 1.937151e-07, -2.9802322e-08, 5.2154064e-08, 1.0000002, 9.313226e-09, 8.940697e-08, 6.4074993e-07, 1, -5.2452087e-06, 8.99025, -7.6293945e-06)
shape = SubResource("CapsuleShape3D_djdji")

[node name="RightForeArm" type="BoneAttachment3D" parent="MonsterAnimation/Armature_002/Skeleton3D" index="8"]
transform = Transform3D(0.3686409, -0.049054205, 0.9282765, 0.8223925, 0.4827209, -0.30108288, -0.4333288, 0.8743992, 0.21829252, -16.03096, -2.3271513, -59.152077)
bone_name = "mixamorig_RightForeArm"
bone_idx = 21

[node name="Area3D" type="Area3D" parent="MonsterAnimation/Armature_002/Skeleton3D/RightForeArm" groups=["enemy"]]
collision_layer = 4
script = ExtResource("4_djdji")

[node name="CollisionShape3D" type="CollisionShape3D" parent="MonsterAnimation/Armature_002/Skeleton3D/RightForeArm/Area3D"]
transform = Transform3D(1.0000002, -1.1622906e-06, -1.4901161e-08, 1.8775463e-06, 0.9999997, 1.4901161e-08, -2.1010637e-06, -1.0281801e-06, 0.99999976, -1.9073486e-05, 11.908112, 7.6293945e-06)
shape = SubResource("CapsuleShape3D_aar6o")

[node name="RightHand" type="BoneAttachment3D" parent="MonsterAnimation/Armature_002/Skeleton3D" index="9"]
transform = Transform3D(-0.9212078, -0.15310206, -0.357681, -0.38678312, 0.26082963, 0.8845149, -0.042127505, 0.95316684, -0.29949537, -17.078867, 7.9848566, -40.472927)
bone_name = "mixamorig_RightHand"
bone_idx = 22

[node name="Area3D" type="Area3D" parent="MonsterAnimation/Armature_002/Skeleton3D/RightHand" groups=["enemy"]]
collision_layer = 4
script = ExtResource("4_djdji")

[node name="CollisionShape3D" type="CollisionShape3D" parent="MonsterAnimation/Armature_002/Skeleton3D/RightHand/Area3D"]
transform = Transform3D(1.0000002, 0, -1.013279e-06, -2.115965e-06, 0.9999998, 1.013279e-06, -5.9604645e-08, -5.9604645e-08, 0.9999987, 0, 5.655575, -1.9073486e-05)
shape = SubResource("CapsuleShape3D_xhdyv")

[node name="LeftUpLeg" type="BoneAttachment3D" parent="MonsterAnimation/Armature_002/Skeleton3D" index="10"]
transform = Transform3D(-0.9843035, 0.14942999, 0.09390322, 0.1205324, 0.18052708, 0.9761567, 0.12891504, 0.9721526, -0.19570453, 5.9848366, -0.46329382, -46.648655)
bone_name = "mixamorig_LeftUpLeg"
bone_idx = 31

[node name="Area3D" type="Area3D" parent="MonsterAnimation/Armature_002/Skeleton3D/LeftUpLeg" groups=["enemy"]]
collision_layer = 4
script = ExtResource("4_djdji")

[node name="CollisionShape3D" type="CollisionShape3D" parent="MonsterAnimation/Armature_002/Skeleton3D/LeftUpLeg/Area3D"]
transform = Transform3D(1.0000032, 2.0788548e-07, 2.3079338e-07, 7.454464e-07, 1.0000073, 9.313226e-09, -1.7145067e-07, -2.2351742e-08, 0.9999984, 3.8146973e-06, 16.38022, 3.5762787e-06)
shape = SubResource("CapsuleShape3D_wn2pb")

[node name="LeftLeg" type="BoneAttachment3D" parent="MonsterAnimation/Armature_002/Skeleton3D" index="11"]
transform = Transform3D(-0.93921185, 0.10326208, 0.3274427, 0.28456968, -0.29947203, 0.91067916, 0.19209862, 0.9485005, 0.25188237, 10.336864, 4.7944126, -18.335491)
bone_name = "mixamorig_LeftLeg"
bone_idx = 32

[node name="Area3D" type="Area3D" parent="MonsterAnimation/Armature_002/Skeleton3D/LeftLeg" groups=["enemy"]]
collision_layer = 4
script = ExtResource("4_djdji")

[node name="CollisionShape3D" type="CollisionShape3D" parent="MonsterAnimation/Armature_002/Skeleton3D/LeftLeg/Area3D"]
transform = Transform3D(1.0000007, 9.9591034e-08, -1.04832e-07, 1.1085831e-08, 1.0000002, 4.172325e-07, -4.3190084e-07, 3.2782555e-07, 1, -9.536743e-07, 14.104977, 3.0994415e-06)
shape = SubResource("CapsuleShape3D_i8bv0")

[node name="LeftFoot" type="BoneAttachment3D" parent="MonsterAnimation/Armature_002/Skeleton3D" index="12"]
transform = Transform3D(-0.99575895, 0.07172084, 0.05762676, 0.091931134, 0.75069916, 0.6542162, 0.0036607087, 0.6567392, -0.7541084, 13.415428, -4.1337776, 9.942251)
bone_name = "mixamorig_LeftFoot"
bone_idx = 33

[node name="Area3D" type="Area3D" parent="MonsterAnimation/Armature_002/Skeleton3D/LeftFoot" groups=["enemy"]]
collision_layer = 4
script = ExtResource("4_djdji")

[node name="CollisionShape3D" type="CollisionShape3D" parent="MonsterAnimation/Armature_002/Skeleton3D/LeftFoot/Area3D"]
transform = Transform3D(0.9999983, -3.501773e-07, -8.195639e-08, -9.685755e-08, 0.99999577, -4.7683716e-07, 0, -3.2782555e-07, 0.9999995, -1.9073486e-06, 6.4359074, -9.536743e-07)
shape = SubResource("CapsuleShape3D_b74o0")

[node name="BoneAttachment3D4" type="BoneAttachment3D" parent="MonsterAnimation/Armature_002/Skeleton3D" index="13"]
transform = Transform3D(-0.98533165, -0.04245425, -0.1652856, -0.1706475, 0.2391001, 0.9558821, -0.001061449, 0.9700663, -0.24283758, -5.9848366, -0.35910308, -46.648655)
bone_name = "mixamorig_RightUpLeg"
bone_idx = 36

[node name="Area3D" type="Area3D" parent="MonsterAnimation/Armature_002/Skeleton3D/BoneAttachment3D4" groups=["enemy"]]
collision_layer = 4
script = ExtResource("4_djdji")

[node name="CollisionShape3D" type="CollisionShape3D" parent="MonsterAnimation/Armature_002/Skeleton3D/BoneAttachment3D4/Area3D"]
transform = Transform3D(0.99998677, -0.0052003246, -8.9273846e-05, 0.0052002515, 0.9999866, -2.0358711e-06, 8.949265e-05, 1.5310943e-06, 1, 4.7683716e-07, 14.568615, 0)
shape = SubResource("CapsuleShape3D_af85v")

[node name="BoneAttachment3D5" type="BoneAttachment3D" parent="MonsterAnimation/Armature_002/Skeleton3D" index="14"]
transform = Transform3D(-0.961453, 0.08491342, -0.26153052, -0.2747637, -0.3335178, 0.90181535, -0.010648852, 0.9389118, 0.34399277, -7.2212987, 6.6045856, -18.395885)
bone_name = "mixamorig_RightLeg"
bone_idx = 37

[node name="Area3D" type="Area3D" parent="MonsterAnimation/Armature_002/Skeleton3D/BoneAttachment3D5" groups=["enemy"]]
collision_layer = 4
script = ExtResource("4_djdji")

[node name="CollisionShape3D" type="CollisionShape3D" parent="MonsterAnimation/Armature_002/Skeleton3D/BoneAttachment3D5/Area3D"]
transform = Transform3D(1.0000001, 1.4890929e-08, -2.9780495e-08, -5.23562e-08, 1, 0, -5.3650365e-07, -1.1920929e-07, 1, -5.722046e-06, 14.116566, -3.5762787e-07)
shape = SubResource("CapsuleShape3D_ekjvm")

[node name="BoneAttachment3D6" type="BoneAttachment3D" parent="MonsterAnimation/Armature_002/Skeleton3D" index="15"]
transform = Transform3D(-0.9629296, -0.2243131, -0.14983417, -0.26796946, 0.7316637, 0.6267859, -0.03096806, 0.64370155, -0.7646495, -4.68929, -3.3404846, 9.6012535)
bone_name = "mixamorig_RightFoot"
bone_idx = 38

[node name="Area3D" type="Area3D" parent="MonsterAnimation/Armature_002/Skeleton3D/BoneAttachment3D6" groups=["enemy"]]
collision_layer = 4
script = ExtResource("4_djdji")

[node name="CollisionShape3D" type="CollisionShape3D" parent="MonsterAnimation/Armature_002/Skeleton3D/BoneAttachment3D6/Area3D"]
transform = Transform3D(0.9999979, -2.2351742e-08, 1.1175871e-07, 1.4901161e-08, 0.99999857, 1.4901161e-07, -1.7881393e-07, -1.5795231e-06, 0.9999982, -4.2915344e-06, 6.991576, -1.9073486e-06)
shape = SubResource("CapsuleShape3D_55eea")

[node name="AnimationPlayer" parent="MonsterAnimation" index="1"]
root_motion_track = NodePath("Armature_002/Skeleton3D:mixamorig_Hips")

[node name="CollisionMonsterNPC" type="CollisionShape3D" parent="."]
transform = Transform3D(1, 0, 0, 0, 1, 0, 0, 0, 1, 0, 0.43586785, 0)
shape = SubResource("CapsuleShape3D_3in0s")

[node name="NavigationAgent3D" type="NavigationAgent3D" parent="."]
path_height_offset = 1.1

[node name="AnimationTree" type="AnimationTree" parent="."]
root_node = NodePath("../MonsterAnimation")
root_motion_track = NodePath("Armature_002/Skeleton3D:mixamorig_Hips")
tree_root = SubResource("AnimationNodeStateMachine_aar6o")
anim_player = NodePath("../MonsterAnimation/AnimationPlayer")
parameters/conditions/scream = false
parameters/conditions/walk = false

[node name="DetectionZone" type="Area3D" parent="."]
collision_layer = 4

[node name="CollisionShape3D" type="CollisionShape3D" parent="DetectionZone"]
shape = SubResource("SphereShape3D_v2oog")
debug_color = Color(1, 0, 0.21960784, 0.41960785)

[connection signal="body_part_hit" from="MonsterAnimation/Armature_002/Skeleton3D/Head/Area3D" to="." method="_on_area_3d_body_part_hit"]
[connection signal="body_part_hit" from="MonsterAnimation/Armature_002/Skeleton3D/Torso/Area3D" to="." method="_on_area_3d_body_part_hit"]
[connection signal="body_part_hit" from="MonsterAnimation/Armature_002/Skeleton3D/LeftArm/Area3D" to="." method="_on_area_3d_body_part_hit"]
[connection signal="body_part_hit" from="MonsterAnimation/Armature_002/Skeleton3D/LeftForeArm/Area3D" to="." method="_on_area_3d_body_part_hit"]
[connection signal="body_part_hit" from="MonsterAnimation/Armature_002/Skeleton3D/LeftHand/Area3D" to="." method="_on_area_3d_body_part_hit"]
[connection signal="body_part_hit" from="MonsterAnimation/Armature_002/Skeleton3D/RightArm/Area3D" to="." method="_on_area_3d_body_part_hit"]
[connection signal="body_part_hit" from="MonsterAnimation/Armature_002/Skeleton3D/RightForeArm/Area3D" to="." method="_on_area_3d_body_part_hit"]
[connection signal="body_part_hit" from="MonsterAnimation/Armature_002/Skeleton3D/RightHand/Area3D" to="." method="_on_area_3d_body_part_hit"]
[connection signal="body_part_hit" from="MonsterAnimation/Armature_002/Skeleton3D/LeftUpLeg/Area3D" to="." method="_on_area_3d_body_part_hit"]
[connection signal="body_part_hit" from="MonsterAnimation/Armature_002/Skeleton3D/LeftLeg/Area3D" to="." method="_on_area_3d_body_part_hit"]
[connection signal="body_part_hit" from="MonsterAnimation/Armature_002/Skeleton3D/LeftFoot/Area3D" to="." method="_on_area_3d_body_part_hit"]
[connection signal="body_part_hit" from="MonsterAnimation/Armature_002/Skeleton3D/BoneAttachment3D4/Area3D" to="." method="_on_area_3d_body_part_hit"]
[connection signal="body_part_hit" from="MonsterAnimation/Armature_002/Skeleton3D/BoneAttachment3D5/Area3D" to="." method="_on_area_3d_body_part_hit"]
[connection signal="body_part_hit" from="MonsterAnimation/Armature_002/Skeleton3D/BoneAttachment3D6/Area3D" to="." method="_on_area_3d_body_part_hit"]
[connection signal="body_entered" from="DetectionZone" to="." method="_on_detection_zone_body_entered"]

[editable path="MonsterAnimation"]
